182028
120677
3076
126163
25613
216132
68448
28143
122515
18602
73439
144733
132531
34635
54043
118048
146886
188
822
140620
108745
204583
2655
70919
129622
31594
172
154809
50
63888
194594
95527
98778
158899
125618
133473
171
143519
42215
131357
24508
123540
68425
5782
73761
146278
232219
432
156566
137269
161417
194879
129948
45
175117
106217
69779
177678
15512
41
37628
681
25821
12995
10
105037
29934
9220
394
624
112138
2397
2393
13308
71074
54137
85005
66171
144553
43152
67185
6887
6819
66587
129050
32484
140535
206327
161226
1116
127095
102148
25674
2389
40214
27172
1419
148205
3406
200785
20782
163920
4505
143484
4112
8229
226254
192343
169649
126239
88594
2448
181440
10527
11865
10789
11733
15722
11929
40213
147474
211533
148759
214910
2399
249095
185344
140613
204504
62809
184730
131616
6121
20528
13928
234834
23908
105265
88113
193122
66643
17691
162660
220276
125028
150599
181390
36985
185769
87288
182274
3319
152359
119316
154753
116975
94891
142615
3347
3886
141019
2243
2083
2425
189201
22501
156576
189203
224381
23228
98426
121011
281429
251060
